39121
16344
25448
56737
40509
62269
9401
6927
37021
61935
52816
8727
13456
32040
49616
30419
45557
31135
19347
40691
8214
58783
51731
36116
7296
18070
30510
34
48932
22609
9061
18126
24695
5344
46461
7875
59954
29634
34050
5797
24268
42232
7186
53218
1952
47618
46898
15345
17287
36644
4189
56846
18565
52072
61470
49444
45130
10637
25488
8059
18970
10200
50145
16782
12857
13517
23210
20674
28834
29550
63842
23687
35790
1753
24724
39537
20972
17306
39030
40556
12347
14464
6069
28161
28353
18942
45403
37395
35687
28148
8055
46302
19414
19116
45211
40848
22197
44807
10626
8852
46122
43904
36303
22389
18458
59413
59857
55640
36831
37570
50918
52205
56876
39110
968
30327
17382
31566
58586
41801
59705
27170
22004
2666
33
56539
14856
41464
46725
24998
60716
30350
47821
1846
42365
33784
28745
43844
30499
10435
55638
38779
27133
8225
23056
32912
17333
13180
45027
65198
37534
64006
3711
34685
50042
20215
4676
26924
61987
39208
51382
8036
63848
26273
10764
63202
34180
14014
4304
30534
33930
62452
42747
40005
58703
38241
55342
62583
48673
36410
10258
13425
31938
8260
12180
25899
59305
50450
27875
17646
28884
49624
17994
46739
35742
37282
30721
46076
31890
15365
20157
27252
759
26824
19618
14961
35702
11858
14939
54399
35002
16062
23252
43639
34219
24729
64420
15302
25621
39686
65238
15561
38238
23358
8871
22793
30947
12678
45434
63029
10123
53238
13674
20180
64915
21557
43167
57206
3574
55428
6898
9360
11457
63160
45098
14788
29485
39706
19690
523
34833
60375
62723
4758
50372
30258
18716
58648
43275
31401
21776
39300
21308
28680
59711
20296
44047
26576
34850
25408
10798
18457
56528
30177
63642
5439
8013
21770
36534
13114
32230
53903
35194
26956
59707
19497
42298
64839
40785
36733
57001
50189
49990
46399
64257
1382
49000
11717
29159
26702
16527
12164
4925
19556
16460
61808
56910
25489
55630
2117
41592
38578
58269
4720
60033
12006
34318
54059
54917
30198
52426
28240
19489
63644
50078
42022
58476
59466
47756
31358
19121
50436
64988
30734
6382
7563
64818
33646
24348
23254
18600
10562
54164
56667
60620
55559
35956
15855
8107
58852
10096
64190
18267
25851
30126
53613
40630
32125
22518
15464
60558
19484
9063
6250
17895
1050
2977
9003
57788
42937
1022
29410
58850
14650
55618
534
26151
6295
61321
8817
49592
55571
51244
60992
9380
61736
57452
22785
19808
32533
30371
9800
15681
63725
41133
4511
12499
2208
56632
46071
63119
22339
58166
63991
24865
30559
4350
13484
25488
2054
8101
16701
12841
10944
63940
59243
12426
22708
3684
14220
15551
59493
44207
22955
5671
20759
53790
18153
54879
37799
65276
20061
10160
38545
45783
62854
41161
42097
61359
50354
20053
19847
52781
20206
26912
26120
47740
22164
51379
47265
18326
18479
10077
50841
49463
33006
29477
55754
21143
28983
28738
2203
64650
51750
62083
9505
59469
35829
5396
63309
20434
9573
39011
27218
6343
28649
64960
22517
61253
25504
64767
29962
45055
63295
33608
12709
739
64877
55362
35186
21885
37027
45445
11673
54208
792
39106
52708
25835
30553
57514
49792
7332
35475
38025
59219
32043
33118
2062
5455
35360
34080
29952
35346
10921
59783
1323
31318
4496
32991
44129
34023
8459
31220
53981
18885
35232
31899
22648
55468
12148
321
22079
19164
55885
40570
62379
49885
31209
2892
63429
20844
11661
20600
39545
15830
35248
27785
47209
51557
50428
65472
30966
23970
30108
19747
54276
54428
31806
32341
10491
7328
47777
1905
19242
20230
35594
53419
26366
40796
23607
23427
57396
34306
52466
766
35025
45923
35664
12222
11317
44935
45164
31917
36549
20719
25071
21719
29202
13893
61869
10708
31973
13229
14511
35242
48897
49161
29012
48615
59202
13062
47796
18853
47381
27643
51716
17435
16787
56996
9193
50906
13741
9857
50008
11464
36763
2076
1146
52973
21212
6368
25569
2343
35088
20217
31721
16487
22578
10986
12046
12554
8446
30863
7483
9257
5227
17736
3892
41073
42471
22869
38162
29969
50932
33597
34584
29980
23814
22958
47533
7670
58695
51936
2465
38537
37005
11347
58416
48287
13723
21302
49580
15591
34232
8407
20903
18012
51544
30637
42777
15864
46344
39157
53658
49491
23372
55507
31112
16636
60434
35728
14143
58299
30377
12883
7277
15611
46499
44198
55687
37005
38186
32409
56159
61224
33327
50595
60828
55138
5113
63642
20694
18726
36803
1465
44696
21393
30771
19620
1208
12645
32255
38472
5239
33982
64797
53565
23401
20972
53187
35694
21401
363
53103
61806
6463
7222
22932
23879
32087
12859
43582
2553
37257
39690
49389
29309
24946
39680
50037
56167
37776
9571
48639
59688
16248
38077
5857
23268
19269
34775
50821
46884
61003
49720
10301
7245
38514
50201
9670
28510
57202
30404
17865
51201
49841
6261
19170
30135
51945
48473
11855
3903
17281
39793
17390
12159
57223
44082
48813
23076
45866
23017
61859
51893
2876
14200
62527
64164
23641
36951
31886
35449
19890
50102
8897
2057
40347
18967
63991
9062
3873
20252
46467
9927
45864
27609
64523
38605
9307
9944
13584
26817
54948
61598
65010
10226
32855
50168
37782
8772
12219
60120
14803
31441
37582
39340
62385
2134
50122
44449
31742
43017
64172
21716
13942
11562
28157
23580
62391
5618
33375
19242
40649
30650
60552
65384
55131
13059
21336
40591
49520
1012
15083
11723
61145
49659
60733
59173
51811
28917
50274
16364
48311
17548
46228
3411
55622
33586
29946
2891
2855
13667
56324
23272
55327
43162
21218
6987
6102
11989
602
45278
47266
56581
5365
27777
30327
53145
7930
15744
30130
9603
7826
49174
1872
11071
15718
1275
36839
22873
25671
46963
3110
55387
6149
3223
64829
14280
65503
2696
31587
14996
55646
65302
44358
55778
42439
21846
11863
31499
10835
44806
54384
26631
49404
11172
27867
48578
15161
61948
10812
39647
46564
23543
42439
34571
42166
60929
10125
63454
44979
36149
55559
61462
54484
6327
6992
59810
26459
44176
21802
15904
15284
54760
40244
52415
34340
62378
61387
44029
37564
55702
32562
51672
41296
43256
52520
47569
26698
12221
57358
56822
20359
7909
8385
9037
37163
4690
27178
49818
33763
57408
3557
45262
16489
33856
6974
32504
11732
27363
62573
29709
19772
65117
10968
19519
6200
21424
